mpi_proc,omp_threads,time
1,1,101.341686
1,1,100.901149
1,1,100.936876
1,1,100.934851
1,1,101.025700
2,1,45.981341
2,1,45.978733
2,1,46.017635
2,1,45.954478
2,1,45.940606
3,1,30.690470
3,1,30.712691
3,1,30.694929
3,1,30.713618
3,1,30.723166
4,1,23.127539
4,1,23.176002
4,1,22.975922
4,1,23.088564
4,1,23.134129
5,1,18.502813
5,1,18.351802
5,1,18.448058
5,1,18.414871
5,1,18.357699
5,1,18.368418
5,1,18.365189
5,1,18.389080
5,1,18.350287
5,1,18.350643
6,1,15.385427
6,1,15.371463
6,1,15.336213
6,1,15.370603
6,1,15.377801
6,1,15.365500
6,1,15.368684
6,1,15.385196
6,1,15.357800
6,1,15.335339
7,1,13.158188
7,1,13.124090
7,1,13.159992
7,1,13.126366
7,1,13.120273
7,1,13.128717
7,1,13.125953
7,1,13.068648
7,1,13.139657
7,1,13.130686
8,1,11.469041
8,1,11.476866
8,1,11.479433
8,1,11.488249
8,1,11.488913
8,1,11.501624
8,1,11.494941
8,1,11.505095
8,1,11.495372
8,1,11.491616
9,1,10.192202
9,1,10.244030
9,1,10.175256
9,1,10.213418
9,1,10.235606
9,1,10.203620
9,1,10.224307
9,1,10.199776
9,1,10.199602
9,1,10.200806
10,1,9.185493
10,1,9.173881
10,1,9.213815
10,1,9.198301
10,1,9.164078
10,1,9.177420
10,1,9.166145
10,1,9.189096
10,1,9.173817
10,1,9.208446
11,1,8.342931
11,1,8.375287
11,1,8.364728
11,1,8.334486
11,1,8.351200
11,1,8.337597
11,1,8.354634
11,1,8.351174
11,1,8.349847
11,1,8.352189
12,1,7.673024
12,1,7.674843
12,1,7.811333
12,1,7.634344
12,1,7.642025
12,1,7.645076
12,1,7.659144
12,1,7.661441
12,1,7.665017
12,1,7.614029
13,1,7.040156
13,1,7.227279
13,1,7.065868
13,1,7.061018
13,1,7.078595
13,1,7.160183
13,1,7.062129
13,1,7.060702
13,1,7.205433
13,1,7.063609
14,1,6.559744
14,1,6.747287
14,1,6.556160
14,1,6.560122
14,1,6.661538
14,1,6.565598
14,1,6.578376
14,1,6.677661
14,1,6.551467
14,1,6.567861
15,1,6.234121
15,1,6.141110
15,1,6.137532
15,1,6.228235
15,1,6.125351
15,1,6.138433
15,1,6.148424
15,1,6.240026
15,1,6.137852
15,1,6.135743
16,1,5.877029
16,1,5.769625
16,1,5.754528
16,1,5.765576
16,1,5.767824
16,1,5.766540
16,1,5.760763
16,1,5.795604
16,1,5.767948
16,1,5.773765
17,1,5.434223
17,1,5.468905
17,1,5.421103
17,1,5.420318
17,1,5.414761
17,1,5.418782
17,1,5.425910
17,1,5.417825
17,1,5.434176
17,1,5.422630
18,1,5.126099
18,1,5.128961
18,1,5.125196
18,1,5.131632
18,1,5.159363
18,1,5.129914
18,1,5.135175
18,1,5.228379
18,1,5.147654
18,1,5.160354
19,1,4.864220
19,1,4.855039
19,1,4.867017
19,1,4.858690
19,1,4.843611
19,1,4.924827
19,1,4.849518
19,1,4.856336
19,1,4.862480
19,1,4.952449
20,1,4.622399
20,1,4.624014
20,1,4.648155
20,1,4.659896
20,1,4.629126
20,1,4.604322
20,1,4.620072
20,1,4.633473
20,1,4.639873
20,1,4.611170
21,1,4.430880
21,1,4.382281
21,1,4.404484
21,1,4.391492
21,1,4.465678
21,1,4.391821
21,1,4.397480
21,1,4.407057
21,1,4.386097
21,1,4.402583
22,1,4.201075
22,1,4.207609
22,1,4.205094
22,1,4.217194
22,1,4.213332
22,1,4.370838
22,1,4.196050
22,1,4.207876
22,1,4.203430
22,1,4.199007
23,1,4.046629
23,1,4.014381
23,1,4.045434
23,1,4.033409
23,1,4.104557
23,1,4.041553
23,1,4.028021
23,1,4.013627
23,1,4.035909
23,1,4.019416
24,1,3.857478
24,1,3.881507
24,1,4.023896
24,1,3.862833
24,1,3.867995
24,1,3.885776
24,1,3.867454
24,1,3.864460
24,1,3.865708
24,1,3.847764
25,1,4.076518
25,1,3.747755
25,1,3.842536
25,1,3.855673
25,1,3.775182
25,1,3.973989
25,1,3.877703
25,1,3.836962
25,1,3.850715
25,1,3.820845
26,1,3.773123
26,1,3.604003
26,1,3.841966
26,1,3.786198
26,1,3.735595
26,1,3.712353
26,1,3.720215
26,1,3.628653
26,1,3.854206
26,1,3.795360
27,1,3.634920
27,1,3.491311
27,1,3.482769
27,1,3.580887
27,1,3.485761
27,1,3.654446
27,1,3.613470
27,1,3.582569
27,1,3.600077
27,1,3.566424
28,1,3.548522
28,1,3.459643
28,1,3.454591
28,1,3.431224
28,1,3.536442
28,1,3.463210
28,1,3.456515
28,1,3.499045
28,1,3.596172
28,1,3.636652
29,1,3.441951
29,1,3.342951
29,1,3.358917
29,1,3.406414
29,1,3.344943
29,1,3.481841
29,1,3.398705
29,1,3.469916
29,1,3.358176
29,1,3.364227
30,1,3.250787
30,1,3.341888
30,1,3.191281
30,1,3.258585
30,1,3.399689
30,1,3.261474
30,1,3.235302
30,1,3.324073
30,1,3.251662
30,1,3.150214
31,1,3.109787
31,1,3.300512
31,1,3.158600
31,1,3.141972
31,1,3.164853
31,1,3.143264
31,1,3.154220
31,1,3.047938
31,1,3.228912
31,1,3.178380
32,1,3.234071
32,1,2.963344
32,1,3.144266
32,1,3.081551
32,1,3.195680
32,1,3.143665
32,1,3.035906
32,1,3.036301
32,1,2.948086
32,1,3.041209
33,1,2.903786
33,1,3.082340
33,1,2.962515
33,1,3.036835
33,1,2.946928
33,1,2.864712
33,1,2.875401
33,1,2.889471
33,1,2.887233
33,1,2.900216
34,1,2.958899
34,1,2.908215
34,1,2.954034
34,1,2.986071
34,1,2.887123
34,1,2.833488
34,1,2.905764
34,1,2.907462
34,1,2.898676
34,1,2.843412
35,1,2.880007
35,1,2.822886
35,1,2.826479
35,1,2.727519
35,1,2.820244
35,1,2.876897
35,1,2.802499
35,1,2.793562
35,1,2.757637
35,1,2.880826
36,1,2.824012
36,1,2.835492
36,1,2.794140
36,1,2.936793
36,1,2.678737
36,1,2.771517
36,1,2.909816
36,1,2.654306
36,1,2.794485
36,1,2.785144
37,1,2.759511
37,1,2.886432
37,1,2.713749
37,1,2.609681
37,1,2.656508
37,1,2.602009
37,1,2.621848
37,1,2.675346
37,1,2.663615
37,1,2.841482
38,1,2.760972
38,1,2.629721
38,1,2.525154
38,1,2.521500
38,1,2.855109
38,1,2.612130
38,1,2.552843
38,1,2.707433
38,1,2.663735
38,1,2.670009
39,1,2.639559
39,1,2.597312
39,1,2.544533
39,1,2.669816
39,1,2.522853
39,1,2.491627
39,1,2.544662
39,1,2.575319
39,1,2.615963
39,1,2.475661
40,1,2.560563
40,1,2.527244
40,1,2.483696
40,1,2.634725
40,1,2.472110
40,1,2.511139
40,1,2.535160
40,1,2.541979
40,1,2.613307
40,1,2.482693
41,1,2.513798
41,1,2.354692
41,1,2.660931
41,1,2.378023
41,1,2.501610
41,1,2.416367
41,1,2.359342
41,1,2.440751
41,1,2.431632
41,1,2.415622
42,1,2.372098
42,1,2.490973
42,1,2.404793
42,1,2.335638
42,1,2.393442
42,1,2.343146
42,1,2.437458
42,1,2.424960
42,1,2.379604
42,1,2.451022
43,1,2.294345
43,1,2.496996
43,1,2.436840
43,1,2.413793
43,1,2.311992
43,1,2.311136
43,1,2.377890
43,1,2.481410
43,1,2.310800
43,1,2.246284
44,1,2.610637
44,1,2.208188
44,1,2.326017
44,1,2.265198
44,1,2.217324
44,1,2.353037
44,1,2.441496
44,1,2.280342
44,1,2.387649
44,1,2.288206
45,1,2.307530
45,1,2.187324
45,1,2.239205
45,1,2.188304
45,1,2.225948
45,1,2.155186
45,1,2.225727
45,1,2.219782
45,1,2.238358
45,1,2.289392
46,1,2.300318
46,1,2.174875
46,1,2.177823
46,1,2.218218
46,1,2.216955
46,1,2.113330
46,1,2.143916
46,1,2.253002
46,1,2.177075
46,1,2.181892
47,1,2.162913
47,1,2.154202
47,1,2.159685
47,1,2.094039
47,1,2.217641
47,1,2.233671
47,1,2.146199
47,1,2.144054
47,1,2.139795
47,1,2.257585
48,1,2.265175
48,1,2.063846
48,1,2.152042
48,1,2.079287
48,1,2.094569
48,1,2.102961
48,1,2.108521
48,1,2.100365
48,1,2.103124
48,1,2.173266
